.000000        0.000000        0.000000        0.000000        0.513424        88.200000
0.000000        0.000000        0.000000        0.000000        0.513177        88.290000
0.000000        0.000000        0.000000        0.000000        0.508627        88.080000
0.000000        0.000000        0.000000        0.000000        0.506813        88.500000
0.000000        0.000000        0.000000        0.000000        0.511997        88.400000
0.000000        0.000000        0.000000        0.000000        0.509040        88.280000
0.000000        0.000000        0.000000        0.000000        0.512746        88.150000
0.000000        0.000000        0.000000        0.000000        0.512503        88.420000
0.000000        0.000000        0.000000        0.000000        0.512233        88.380000
0.000000        0.000000        0.000000        0.000000        0.507044        88.410000,
0.000000        0.000000        0.000000        0.000000        0.508059        88.630000,
0.000000        0.000000        0.000000        0.000000        0.501908        88.570000,
0.000000        0.000000        0.000000        0.000000        0.499554        88.660000,
0.000000        0.000000        0.000000        0.000000        0.499600        88.580000,
0.000000        0.000000        0.000000        0.000000        0.501264        88.290000,
0.000000        0.000000        0.000000        0.000000        0.501068        88.460000,
0.000000        0.000000        0.000000        0.000000        0.506265        88.210000,
0.000000        0.000000        0.000000        0.000000        0.509911        88.230000,
0.000000        0.000000        0.000000        0.000000        0.509414        88.160000,
0.000000        0.000000        0.000000        0.000000        0.506154        88.420000,
0.000000        0.000000        0.000000        0.000000        0.508695        88.340000,
0.000000        0.000000        0.000000        0.000000        0.510540        88.250000,
0.000000        0.000000        0.000000        0.000000        0.506108        88.300000,
0.000000        0.000000        0.000000        0.000000        0.502641        88.210000,
0.000000        0.000000        0.000000        0.000000        0.499130        88.320000,
0.000000        0.000000        0.000000        0.000000        0.496754        88.410000,
0.000000        0.000000        0.000000        0.000000        0.495186        88.460000,
0.000000        0.000000        0.000000        0.000000        0.499152        88.600000,
0.000000        0.000000        0.000000        0.000000        0.505133        88.590000,