10 50
50 250
104 516
71 352
29 143
19 92
10 47
9 45
30 150
10 50
7 34
11 55
5 25
7 35
25 121
2 7
47 232
3 13
79 392
32 157
18 87
37 181
36 177
35 171
23 114
12 56
27 134
12 56
56 279
50 248
58 287
17 83
13 65
12 56
24 118
9 43
14 68
8 39
3 14
20 96
16 80
3 15
48 236
21 103
13 64
11 54
70 346
7 32
41 201
6 29
76 376
6 27
38 189
20 96
14 69
32 157
4 16
35 173
1 5
7 34
7 34
30 150
12 57
16 78
7 31
2 8
9 44
60 297
70 349
15 72
7 35
8 36
86 428
2 10
28 137
12 58
16 80
9 44
6 30
3 15
26 126
19 93
7 34
27 135
46 226
57 281
256 1280
4 19
8 38
101 502
38 186
17 81
13 61
45 222
3 15
6 28
11 55
164 819
15 74
5 24
2 10
19 93
3 14
23 111
13 61
7 32
24 116
27 133
26 128
14 66
7 35
10 50
79 393
10 47
36 179
25 124
16 79
121 604
15 72
48 240
5 22
30 148
6 26
13 64
4 20
5 23
50 246
3 11
16 79
33 161
16 78
74 370
40 197
31 155
57 285
12 59
12 59
36 178
9 43
15 75
3 11
5 23
4 16
15 74
6 27
18 87
18 86
21 105
38 189
8 37
26 126
11 53
2 10
6 30
16 77
1 5
49 245
6 30
20 100
8 37
14 69
24 119
6 26
10 47
17 81
20 100
5 25
7 35
23 112
7 35
2 7
7 35
55 272
94 469
30 150
20 100
40 199
28 137
14 69
9 42
2 10
4 20
74 367
10 49
15 73
8 38
12 56
15 75
18 89
5 24
7 35
49 244
61 305
5 23
22 106
16 77
2 10
12 59
18 90
7 33
6 26
43 214
9 43
10 50
4 18
25 125
22 110
24 119
17 85
9 43
3 11
3 11
23 114
35 171
5 24
11 54
18 87
8 39
18 86
100 496
19 91
11 52
12 56
3 11
24 117
10 48
13 62
20 100
9 41
28 138
5 22
2 7
10 50
11 51
2 6
57 281
6 29
3 13
8 36
15 75
26 126
26 127
12 59
12 56
35 172
24 119
18 90
33 163
4 17
11 53
37 181
17 81
13 63
34 167
9 45
8 37
8 39
57 282
15 71
7 32
3 12
28 137
21 102
20 97
12 60
3 14
14 66
3 14
2 6
27 132
61 303
17 81
34 167
6 28
3 15
15 72
38 187
4 20
62 310
28 137
49 241
25 123
6 27
4 19
38 186
3 12
3 12
9 42
15 71
20 96
15 71
11 53
11 53
4 19
13 62
9 43
66 330
9 41
3 11
9 42
9 43
5 22
42 208
4 18
114 566
10 46
4 19
2 10
12 58
62 306
14 67
24 119
10 50
11 51
18 87
29 143
8 37
4 16
123 611
58 290
34 170
23 114
4 19
16 79
17 81
26 128
16 77
67 332
2 8
90 446
9 42
25 122
18 86
225 1121
10 48
22 109
27 133
2 7
35 174
4 17
57 283
28 140
6 27
3 15
6 30
27 134
34 167
40 198
30 149
4 16
25 122
5 23
39 194
30 149
5 23
32 156
1 5
26 127
3 11
7 31
10 49
29 143
29 145
34 169
4 20
32 158
18 87
26 128
20 96
13 65
10 49
79 391
70 349
17 83
25 123
47 232
3 12
11 51
28 137
7 31
15 73
7 32
9 41
13 65
2 6
2 6
17 85
47 231
35 171
6 28
22 108
20 96
21 101
7 32
25 122
6 26
33 165
2 10
75 372
7 34
7 31
13 63
136 679
7 34
52 257
6 27
17 83
5 23
55 275
3 13
5 22
10 47
24 118
83 411
32 159
25 124
9 45
211 1053
23 111
37 184
14 68
11 52
9 41
30 150
2 10
10 47
22 109
7 32
14 69
7 34
8 38
2 10
6 30
17 82
4 16
32 157
3 14
29 141
2 10
12 58
5 25
31 152
33 165
23 112
96 480
19 91
9 43
23 113
5 22
48 236
10 48
28 137
10 48
30 147
103 511
4 17
18 86
7 33
9 44
8 36
67 333
4 19
10 48
3 15
45 224
22 108
31 152
4 16
38 186
23 114
7 31
17 82
25 125
31 155
12 59
38 186
38 188
27 134
5 25
25 121
58 288
8 39
2 8
7 32
9 41
70 346
26 127
47 232
25 123
17 81
131 652
2 6
31 154
41 203
10 48
14 66
36 178
9 45
2 6
5 22
17 85
21 102
9 44
21 105
9 44
11 54
9 42
4 20
25 122
44 220
17 82
9 44
9 43
15 75
2 8
29 142
17 82
8 38
47 231
124 619
33 162
13 62
27 134
2 8
15 71
9 41
18 86
11 55
24 116
7 35
19 94
20 100
66 330
11 54
18 87
29 143
22 110
39 191
2 6
10 48
31 153
17 84
4 16
11 55
2 10
85 422
19 92
5 25
102 507
34 168
21 104
17 83
14 70
10 47
77 382
30 148
2 10
33 164
6 30
62 310
77 381
35 174
19 92
18 87
54 268
41 202
235 1173
22 110
2 8
25 125
11 51
68 340
8 37
42 209
15 71
3 14
3 14
10 46
51 252
3 14
48 239
12 58
5 22
23 112
5 22
21 101
26 130
56 278
4 18
44 220
5 21
51 253
8 39
59 292
64 317
36 179
8 36
61 305
7 32
13 65
34 169
137 683
20 98
76 376
25 125
8 39
2 8
6 28
60 298
27 132
9 43
14 69
16 80
83 413
4 19
5 25
71 354
24 120
15 72
18 86
10 50
16 76
15 72
21 102
62 310
5 21
6 26
24 119
28 140
15 75
13 63
12 57
2 10
2 10
7 31
22 106
11 54
20 100
18 90
13 64
18 88
7 34
18 90
8 36
17 85
17 82
2 6
13 64
18 86
6 29
2 6
6 30
41 204
6 27
42 209
23 115
5 24
15 72
51 253
11 55
2 10
7 33
21 104
8 38
10 46
60 296
6 26
26 128
34 170
3 15
14 66
26 130
28 138
6 28
250 1246
22 107
13 63
15 75
22 108
34 167
13 61
6 26
17 83
16 77
9 42
23 113
21 103
53 264
12 59
4 16
10 49
6 29
7 33
7 33
97 481
6 29
9 45
5 24
8 38
33 165
17 82
8 36
3 15
12 60
13 62
15 72
15 73
5 25
2 8
37 182
20 99
57 283
21 101
60 297
6 28
39 194
6 26
29 141
3 14
16 78
3 13
14 67
17 82
13 63
21 103
91 454
2 6
5 22
14 66
19 93
2 8
3 11
27 131
28 137
8 40
14 66
5 25
95 472
2 9
37 183
7 32
3 14
9 43
60 299
12 56
8 40
79 392
1 5
4 20
7 31
7 32
17 83
39 194
17 81
16 80
158 787
2 7
28 137
10 50
2 9
27 133
7 34
35 174
63 315
7 35
58 290
2 9
53 263
33 164
18 86
26 129
4 20
11 53
35 175
9 43
155 775
3 11
11 54
3 12
28 137
7 31
18 87
7 32
46 229
20 96
33 161
26 126
55 271
45 221
6 27
6 28
8 36
3 14
17 85
40 197
17 82
16 76
3 15
13 63
26 130
3 11
17 85
27 134
43 211
5 21
66 328
61 302
41 205
5 21
11 53
21 102
19 93
23 111
4 19
9 41
4 17
44 218
26 128
49 242
38 188
34 166
21 105
10 46
2 7
38 189
4 20
15 73
50 247
46 229
7 35
69 343
19 95
30 146
12 57
57 285
9 43
12 60
17 84
13 64
6 28
4 17
9 44
4 18
8 39
35 175
5 25
12 60
27 134
2 8
11 54
10 46
7 31
4 17
2 10
2 9
29 143
23 114
21 101
32 157
14 70
2 6
15 75
39 192
13 64
13 65
1 5
2 8
2 9
7 31
3 15
129 642
7 31
22 107
3 11
14 69
92 459
48 238
4 19
7 31
27 134
51 252
5 25
92 456
3 15
16 80
21 102
55 274
2 6
7 32
10 50
28 140
21 104
23 112
27 133
6 28
37 182
34 170
16 76
35 173
55 272
4 20
21 102
6 30
28 138
30 150
24 116
22 110
44 216
9 42
8 39
24 116
4 16
3 13
43 215
17 85
31 155
4 19
2 7
8 36
14 66
65 323
5 22
57 284
35 172
80 398
22 110
12 56
5 25
11 53
107 534
9 43
8 38
6 26
84 418
29 141
2 7
8 36
11 55
4 20
13 63
9 45
4 18
16 80
14 67
31 151
19 94
21 103
57 284
36 180
5 23
35 175
95 472
27 133
20 99
15 71
14 67
16 80
7 32
23 113
4 17
12 57
35 172
4 17
4 19
19 93
25 124
5 23
11 55
52 258
22 108
15 72
7 33
33 165
19 95
11 52
9 45
125 625
15 73
44 217
20 98
9 45
7 34
9 41
8 39
143 714
29 143
29 141
47 233
24 119
13 63
48 236
30 150
4 19
3 15
7 35
34 167
4 19
5 25
5 21
5 21
