130 1300
1666 16664
130 1300
130 1300
2080 20800
390 3900
130 1300
130 1300
130 1300
130 1300
390 3900
910 9100
15833 158339
390 3900
390 3900
130 1300
2697 26976
1544 15449
390 3900
130 1300
130 1300
650 6500
130 1300
1550 15506
130 1300
390 3900
260 2600
390 3900
1015 10156
130 1300
130 1300
260 2600
260 2600
1170 11700
1682 16829
501 5018
260 2600
260 2600
260 2600
130 1300
130 1300
130 1300
1527 15273
130 1300
3148 31487
130 1300
130 1300
390 3900
130 1300
130 1300
130 1300
260 2600
123 1238
130 1300
390 3900
130 1300
260 2600
130 1300
130 1300
390 3900
260 2600
96 969
130 1300
130 1300
130 1300
6110 61100
130 1300
260 2600
780 7800
130 1300
383 3836
722 7222
130 1300
130 1300
130 1300
126 1266
7310 73100
130 1300
130 1300
130 1300
252 2522
249 2493
130 1300
5510 55109
390 3900
104 1045
27760 277601
241 2417
130 1300
2187 21871
260 2600
130 1300
130 1300
130 1300
260 2600
130 1300
650 6500
650 6500
130 1300
130 1300
260 2600
130 1300
130 1300
756 7562
7654 76541
130 1300
118 1187
390 3900
260 2600
130 1300
130 1300
130 1300
260 2600
130 1300
130 1300
130 1300
260 2600
11791 117911
130 1300
770 7706
130 1300
130 1300
130 1300
510 5109
260 2600
130 1300
376 3765
