25 50
125 250
258 516
176 352
72 143
46 92
24 47
23 45
75 150
25 50
17 34
28 55
13 25
18 35
61 121
4 7
116 232
7 13
196 392
79 157
44 87
91 181
89 177
86 171
57 114
28 56
67 134
28 56
140 279
124 248
144 287
42 83
33 65
28 56
59 118
22 43
34 68
20 39
7 14
48 96
40 80
8 15
118 236
52 103
32 64
27 54
173 346
16 32
101 201
15 29
188 376
14 27
95 189
48 96
35 69
79 157
8 16
87 173
3 5
17 34
17 34
75 150
29 57
39 78
16 31
4 8
22 44
149 297
175 349
36 72
18 35
18 36
214 428
5 10
69 137
29 58
40 80
22 44
15 30
8 15
63 126
47 93
17 34
68 135
113 226
141 281
640 1280
10 19
19 38
251 502
93 186
41 81
31 61
111 222
8 15
14 28
28 55
410 819
37 74
12 24
5 10
47 93
7 14
56 111
31 61
16 32
58 116
67 133
64 128
33 66
18 35
25 50
197 393
24 47
90 179
62 124
40 79
302 604
36 72
120 240
11 22
74 148
13 26
32 64
10 20
12 23
123 246
6 11
40 79
81 161
39 78
185 370
99 197
78 155
143 285
30 59
30 59
89 178
22 43
38 75
6 11
12 23
8 16
37 74
14 27
44 87
43 86
53 105
95 189
19 37
63 126
27 53
5 10
15 30
39 77
3 5
123 245
15 30
50 100
19 37
35 69
60 119
13 26
24 47
41 81
50 100
13 25
18 35
56 112
18 35
4 7
18 35
136 272
235 469
75 150
50 100
100 199
69 137
35 69
21 42
5 10
10 20
184 367
25 49
37 73
19 38
28 56
38 75
45 89
12 24
18 35
122 244
153 305
12 23
53 106
39 77
5 10
30 59
45 90
17 33
13 26
107 214
22 43
25 50
9 18
63 125
55 110
60 119
43 85
22 43
6 11
6 11
57 114
86 171
12 24
27 54
44 87
20 39
43 86
248 496
46 91
26 52
28 56
6 11
59 117
24 48
31 62
50 100
21 41
69 138
11 22
4 7
25 50
26 51
3 6
141 281
15 29
7 13
18 36
38 75
63 126
64 127
30 59
28 56
86 172
60 119
45 90
82 163
9 17
27 53
91 181
41 81
32 63
84 167
23 45
19 37
20 39
141 282
36 71
16 32
6 12
69 137
51 102
49 97
30 60
7 14
33 66
7 14
3 6
66 132
152 303
41 81
84 167
14 28
8 15
36 72
94 187
10 20
155 310
69 137
121 241
62 123
14 27
10 19
93 186
6 12
6 12
21 42
36 71
48 96
36 71
27 53
27 53
10 19
31 62
22 43
165 330
21 41
6 11
21 42
22 43
11 22
104 208
9 18
283 566
23 46
10 19
5 10
29 58
153 306
34 67
60 119
25 50
26 51
44 87
72 143
19 37
8 16
306 611
145 290
85 170
57 114
10 19
40 79
41 81
64 128
39 77
166 332
4 8
223 446
21 42
61 122
43 86
561 1121
24 48
55 109
67 133
4 7
87 174
9 17
142 283
70 140
14 27
8 15
15 30
67 134
84 167
99 198
75 149
8 16
61 122
12 23
97 194
75 149
12 23
78 156
3 5
64 127
6 11
16 31
25 49
72 143
73 145
85 169
10 20
79 158
44 87
64 128
48 96
33 65
25 49
196 391
175 349
42 83
62 123
116 232
6 12
26 51
69 137
16 31
37 73
16 32
21 41
33 65
3 6
3 6
43 85
116 231
86 171
14 28
54 108
48 96
51 101
16 32
61 122
13 26
83 165
5 10
186 372
17 34
16 31
32 63
340 679
17 34
129 257
14 27
42 83
12 23
138 275
7 13
11 22
24 47
59 118
206 411
80 159
62 124
23 45
527 1053
56 111
92 184
34 68
26 52
21 41
75 150
5 10
24 47
55 109
16 32
35 69
17 34
19 38
5 10
15 30
41 82
8 16
79 157
7 14
71 141
5 10
29 58
13 25
76 152
83 165
56 112
240 480
46 91
22 43
57 113
11 22
118 236
24 48
69 137
24 48
74 147
256 511
9 17
43 86
17 33
22 44
18 36
167 333
10 19
24 48
8 15
112 224
54 108
76 152
8 16
93 186
57 114
16 31
41 82
63 125
78 155
30 59
93 186
94 188
67 134
13 25
61 121
144 288
20 39
4 8
16 32
21 41
173 346
64 127
116 232
62 123
41 81
326 652
3 6
77 154
102 203
24 48
33 66
89 178
23 45
3 6
11 22
43 85
51 102
22 44
53 105
22 44
27 54
21 42
10 20
61 122
110 220
41 82
22 44
22 43
38 75
4 8
71 142
41 82
19 38
116 231
310 619
81 162
31 62
67 134
4 8
36 71
21 41
43 86
28 55
58 116
18 35
47 94
50 100
165 330
27 54
44 87
72 143
55 110
96 191
3 6
24 48
77 153
42 84
8 16
28 55
5 10
211 422
46 92
13 25
254 507
84 168
52 104
42 83
35 70
24 47
191 382
74 148
5 10
82 164
15 30
155 310
191 381
87 174
46 92
44 87
134 268
101 202
587 1173
55 110
4 8
63 125
26 51
170 340
19 37
105 209
36 71
7 14
7 14
23 46
126 252
7 14
120 239
29 58
11 22
56 112
11 22
51 101
65 130
139 278
9 18
110 220
11 21
127 253
20 39
146 292
159 317
90 179
18 36
153 305
16 32
33 65
85 169
342 683
49 98
188 376
63 125
20 39
4 8
14 28
149 298
66 132
22 43
35 69
40 80
207 413
10 19
13 25
177 354
60 120
36 72
43 86
25 50
38 76
36 72
51 102
155 310
11 21
13 26
60 119
70 140
38 75
32 63
29 57
5 10
5 10
16 31
53 106
27 54
50 100
45 90
32 64
44 88
17 34
45 90
18 36
43 85
41 82
3 6
32 64
43 86
15 29
3 6
15 30
102 204
14 27
105 209
58 115
12 24
36 72
127 253
28 55
5 10
17 33
52 104
19 38
23 46
148 296
13 26
64 128
85 170
8 15
33 66
65 130
69 138
14 28
623 1246
54 107
32 63
38 75
54 108
84 167
31 61
13 26
42 83
39 77
21 42
57 113
52 103
132 264
30 59
8 16
25 49
15 29
17 33
17 33
241 481
15 29
23 45
12 24
19 38
83 165
41 82
18 36
8 15
30 60
31 62
36 72
37 73
13 25
4 8
91 182
50 99
142 283
51 101
149 297
14 28
97 194
13 26
71 141
7 14
39 78
7 13
34 67
41 82
32 63
52 103
227 454
3 6
11 22
33 66
47 93
4 8
6 11
66 131
69 137
20 40
33 66
13 25
236 472
5 9
92 183
16 32
7 14
22 43
150 299
28 56
20 40
196 392
3 5
10 20
16 31
16 32
42 83
97 194
41 81
40 80
394 787
4 7
69 137
25 50
5 9
67 133
17 34
87 174
158 315
18 35
145 290
5 9
132 263
82 164
43 86
65 129
10 20
27 53
88 175
22 43
388 775
6 11
27 54
6 12
69 137
16 31
44 87
16 32
115 229
48 96
81 161
63 126
136 271
111 221
14 27
14 28
18 36
7 14
43 85
99 197
41 82
38 76
8 15
32 63
65 130
6 11
43 85
67 134
106 211
11 21
164 328
151 302
103 205
11 21
27 53
51 102
47 93
56 111
10 19
21 41
9 17
109 218
64 128
121 242
94 188
83 166
53 105
23 46
4 7
95 189
10 20
37 73
124 247
115 229
18 35
172 343
48 95
73 146
29 57
143 285
22 43
30 60
42 84
32 64
14 28
9 17
22 44
9 18
20 39
88 175
13 25
30 60
67 134
4 8
27 54
23 46
16 31
9 17
5 10
5 9
72 143
57 114
51 101
79 157
35 70
3 6
38 75
96 192
32 64
33 65
3 5
4 8
5 9
16 31
8 15
321 642
16 31
54 107
6 11
35 69
230 459
119 238
10 19
16 31
67 134
126 252
13 25
228 456
8 15
40 80
51 102
137 274
3 6
16 32
25 50
70 140
52 104
56 112
67 133
14 28
91 182
85 170
38 76
87 173
136 272
10 20
51 102
15 30
69 138
75 150
58 116
55 110
108 216
21 42
20 39
58 116
8 16
7 13
108 215
43 85
78 155
10 19
4 7
18 36
33 66
162 323
11 22
142 284
86 172
199 398
55 110
28 56
13 25
27 53
267 534
22 43
19 38
13 26
209 418
71 141
4 7
18 36
28 55
10 20
32 63
23 45
9 18
40 80
34 67
76 151
47 94
52 103
142 284
90 180
12 23
88 175
236 472
67 133
50 99
36 71
34 67
40 80
16 32
57 113
9 17
29 57
86 172
9 17
10 19
47 93
62 124
12 23
28 55
129 258
54 108
36 72
17 33
83 165
48 95
26 52
23 45
313 625
37 73
109 217
49 98
23 45
17 34
21 41
20 39
357 714
72 143
71 141
117 233
60 119
32 63
118 236
75 150
10 19
8 15
18 35
84 167
10 19
13 25
11 21
11 21
