40 50
200 250
413 516
282 352
115 143
74 92
38 47
36 45
120 150
40 50
28 34
44 55
20 25
28 35
97 121
6 7
186 232
11 13
314 392
126 157
70 87
145 181
142 177
137 171
92 114
45 56
108 134
45 56
224 279
199 248
230 287
67 83
52 65
45 56
95 118
35 43
55 68
32 39
12 14
77 96
64 80
12 15
189 236
83 103
52 64
44 54
277 346
26 32
161 201
24 29
301 376
22 27
152 189
77 96
56 69
126 157
13 16
139 173
4 5
28 34
28 34
120 150
46 57
63 78
25 31
7 8
36 44
238 297
280 349
58 72
28 35
29 36
343 428
8 10
110 137
47 58
64 80
36 44
24 30
12 15
101 126
75 93
28 34
108 135
181 226
225 281
1024 1280
16 19
31 38
402 502
149 186
65 81
49 61
178 222
12 15
23 28
44 55
656 819
60 74
20 24
8 10
75 93
12 14
89 111
49 61
26 32
93 116
107 133
103 128
53 66
28 35
40 50
315 393
38 47
144 179
100 124
64 79
484 604
58 72
192 240
18 22
119 148
21 26
52 64
16 20
19 23
197 246
9 11
64 79
129 161
63 78
296 370
158 197
124 155
228 285
48 59
48 59
143 178
35 43
60 75
9 11
19 23
13 16
60 74
22 27
70 87
69 86
84 105
152 189
30 37
101 126
43 53
8 10
24 30
62 77
4 5
196 245
24 30
80 100
30 37
56 69
96 119
21 26
38 47
65 81
80 100
20 25
28 35
90 112
28 35
6 7
28 35
218 272
376 469
120 150
80 100
160 199
110 137
56 69
34 42
8 10
16 20
294 367
40 49
59 73
31 38
45 56
60 75
72 89
20 24
28 35
196 244
244 305
19 23
85 106
62 77
8 10
48 59
72 90
27 33
21 26
172 214
35 43
40 50
15 18
100 125
88 110
96 119
68 85
35 43
9 11
9 11
92 114
137 171
20 24
44 54
70 87
32 39
69 86
397 496
73 91
42 52
45 56
9 11
94 117
39 48
50 62
80 100
33 41
111 138
18 22
6 7
40 50
41 51
5 6
225 281
24 29
11 13
29 36
60 75
101 126
102 127
48 59
45 56
138 172
96 119
72 90
131 163
14 17
43 53
145 181
65 81
51 63
134 167
36 45
30 37
32 39
226 282
57 71
26 32
10 12
110 137
82 102
78 97
48 60
12 14
53 66
12 14
5 6
106 132
243 303
65 81
134 167
23 28
12 15
58 72
150 187
16 20
248 310
110 137
193 241
99 123
22 27
16 19
149 186
10 12
10 12
34 42
57 71
77 96
57 71
43 53
43 53
16 19
50 62
35 43
264 330
33 41
9 11
34 42
35 43
18 22
167 208
15 18
453 566
37 46
16 19
8 10
47 58
245 306
54 67
96 119
40 50
41 51
70 87
115 143
30 37
13 16
489 611
232 290
136 170
92 114
16 19
64 79
65 81
103 128
62 77
266 332
7 8
357 446
34 42
98 122
69 86
897 1121
39 48
88 109
107 133
6 7
140 174
14 17
227 283
112 140
22 27
12 15
24 30
108 134
134 167
159 198
120 149
13 16
98 122
19 23
156 194
120 149
19 23
125 156
4 5
102 127
9 11
25 31
40 49
115 143
116 145
136 169
16 20
127 158
70 87
103 128
77 96
52 65
40 49
313 391
280 349
67 83
99 123
186 232
10 12
41 51
110 137
25 31
59 73
26 32
33 41
52 65
5 6
5 6
68 85
185 231
137 171
23 28
87 108
77 96
81 101
26 32
98 122
21 26
132 165
8 10
298 372
28 34
25 31
51 63
544 679
28 34
206 257
22 27
67 83
19 23
220 275
11 13
18 22
38 47
95 118
329 411
128 159
100 124
36 45
843 1053
89 111
148 184
55 68
42 52
33 41
120 150
8 10
38 47
88 109
26 32
56 69
28 34
31 38
8 10
24 30
66 82
13 16
126 157
12 14
113 141
8 10
47 58
20 25
122 152
132 165
90 112
384 480
73 91
35 43
91 113
18 22
189 236
39 48
110 137
39 48
118 147
409 511
14 17
69 86
27 33
36 44
29 36
267 333
16 19
39 48
12 15
180 224
87 108
122 152
13 16
149 186
92 114
25 31
66 82
100 125
124 155
48 59
149 186
151 188
108 134
20 25
97 121
231 288
32 39
7 8
26 32
33 41
277 346
102 127
186 232
99 123
65 81
522 652
5 6
124 154
163 203
39 48
53 66
143 178
36 45
5 6
18 22
68 85
82 102
36 44
84 105
36 44
44 54
34 42
16 20
98 122
176 220
66 82
36 44
35 43
60 75
7 8
114 142
66 82
31 38
185 231
496 619
130 162
50 62
108 134
7 8
57 71
33 41
69 86
44 55
93 116
28 35
76 94
80 100
264 330
44 54
70 87
115 143
88 110
153 191
5 6
39 48
123 153
68 84
13 16
44 55
8 10
338 422
74 92
20 25
406 507
135 168
84 104
67 83
56 70
38 47
306 382
119 148
8 10
132 164
24 30
248 310
305 381
140 174
74 92
70 87
215 268
162 202
939 1173
88 110
7 8
100 125
41 51
272 340
30 37
168 209
57 71
12 14
12 14
37 46
202 252
12 14
192 239
47 58
18 22
90 112
18 22
81 101
104 130
223 278
15 18
176 220
17 21
203 253
32 39
234 292
254 317
144 179
29 36
244 305
26 32
52 65
136 169
547 683
79 98
301 376
100 125
32 39
7 8
23 28
239 298
106 132
35 43
56 69
64 80
331 413
16 19
20 25
284 354
96 120
58 72
69 86
40 50
61 76
58 72
82 102
248 310
17 21
21 26
96 119
112 140
60 75
51 63
46 57
8 10
8 10
25 31
85 106
44 54
80 100
72 90
52 64
71 88
28 34
72 90
29 36
68 85
66 82
5 6
52 64
69 86
24 29
5 6
24 30
164 204
22 27
168 209
92 115
20 24
58 72
203 253
44 55
8 10
27 33
84 104
31 38
37 46
237 296
21 26
103 128
136 170
12 15
53 66
104 130
111 138
23 28
997 1246
86 107
51 63
60 75
87 108
134 167
49 61
21 26
67 83
62 77
34 42
91 113
83 103
212 264
48 59
13 16
40 49
24 29
27 33
27 33
385 481
24 29
36 45
20 24
31 38
132 165
66 82
29 36
12 15
48 60
50 62
58 72
59 73
20 25
7 8
146 182
80 99
227 283
81 101
238 297
23 28
156 194
21 26
113 141
12 14
63 78
11 13
54 67
66 82
51 63
83 103
364 454
5 6
18 22
53 66
75 93
7 8
9 11
105 131
110 137
32 40
53 66
20 25
378 472
8 9
147 183
26 32
12 14
35 43
240 299
45 56
32 40
314 392
4 5
16 20
25 31
26 32
67 83
156 194
65 81
64 80
630 787
6 7
110 137
40 50
8 9
107 133
28 34
140 174
252 315
28 35
232 290
8 9
211 263
132 164
69 86
104 129
16 20
43 53
140 175
35 43
620 775
9 11
44 54
10 12
110 137
25 31
70 87
26 32
184 229
77 96
129 161
101 126
217 271
177 221
22 27
23 28
29 36
12 14
68 85
158 197
66 82
61 76
12 15
51 63
104 130
9 11
68 85
108 134
169 211
17 21
263 328
242 302
164 205
17 21
43 53
82 102
75 93
89 111
16 19
33 41
14 17
175 218
103 128
194 242
151 188
133 166
84 105
37 46
6 7
152 189
16 20
59 73
198 247
184 229
28 35
275 343
76 95
117 146
46 57
228 285
35 43
48 60
68 84
52 64
23 28
14 17
36 44
15 18
32 39
140 175
20 25
48 60
108 134
7 8
44 54
37 46
25 31
14 17
8 10
8 9
115 143
92 114
81 101
126 157
56 70
5 6
60 75
154 192
52 64
52 65
4 5
7 8
8 9
25 31
12 15
514 642
25 31
86 107
9 11
56 69
368 459
191 238
16 19
25 31
108 134
202 252
20 25
365 456
12 15
64 80
82 102
220 274
5 6
26 32
40 50
112 140
84 104
90 112
107 133
23 28
146 182
136 170
61 76
139 173
218 272
16 20
82 102
24 30
111 138
120 150
93 116
88 110
173 216
34 42
32 39
93 116
13 16
11 13
172 215
68 85
124 155
16 19
6 7
29 36
53 66
259 323
18 22
228 284
138 172
319 398
88 110
45 56
20 25
43 53
428 534
35 43
31 38
21 26
335 418
113 141
6 7
29 36
44 55
16 20
51 63
36 45
15 18
64 80
54 67
121 151
76 94
83 103
228 284
144 180
19 23
140 175
378 472
107 133
80 99
57 71
54 67
64 80
26 32
91 113
14 17
46 57
138 172
14 17
16 19
75 93
100 124
19 23
44 55
207 258
87 108
58 72
27 33
132 165
76 95
42 52
36 45
500 625
59 73
174 217
79 98
36 45
28 34
33 41
32 39
572 714
115 143
113 141
187 233
96 119
51 63
189 236
120 150
16 19
12 15
28 35
134 167
16 19
20 25
17 21
17 21
